Timestamp;WC2
1370043708482;0.024
1370043710578;0.126
1370043712844;0.127
1370043712881;0.24
1370043713921;0.221
1370043715897;0.161
1370043719296;0.276
1370043720262;0.046
1370043722200;0.137
1370043723267;0.005
1370043723978;0.35
1370043725187;0.244
1370043725330;0.008
1370043725658;0.024
1370043726434;0.07
1370043726942;0.128
1370043727199;0.136
1370043728985;0.38
1370043731002;0.176
1370043733201;0.26
1370043733482;0.08
1370043737297;0.174
1370043737533;0.111
1370043738111;0.073
1370043738296;0.007
1370043738633;0.118
1370043739333;0.522
1370043744155;0.016
1370043747663;0.009
1370043747777;0.011
1370043748584;0.04
1370043749671;0.475
1370043751200;0.245
1370043752024;0.104
1370043752589;0.075
1370043753787;0.128
1370043754052;0.125
1370043755033;0.01
1370043757418;0.049
1370043757642;0.061
1370043759061;0.112
1370043759521;0.042
1370043760136;0.492
1370043761135;0.178
1370043763109;0.213
1370043763969;0.191
1370043764133;0.059
1370043766710;0.036
1370043766801;0.067
1370043767278;0.066
1370043771939;0.375
1370043772363;0.08
1370043772636;1.391
1370043772999;0.044
1370043774235;0.03
1370043777074;0.034
1370043778307;0.076
1370043779201;0.033
1370043780132;0.122
1370043783662;0.06
1370043783805;0.005
1370043783822;0.347
1370043785435;0.131
1370043786262;0.245
1370043786394;0.259
1370043787624;0.167
1370043788865;0.057
1370043789403;0.113
1370043792811;0.109
1370043793866;0.199
1370043795613;0.015
1370043796998;0.198
1370043797021;0.399
1370043797511;0.222
1370043798486;0.349
1370043799324;0.154
1370043801615;0.347
1370043801752;0.297
1370043801806;0.218
1370043802943;0.751
1370043803132;0.852
1370043806198;0.409
1370043807149;0.032
1370043809138;0.022
1370043810352;0.044
1370043810629;0.437
1370043813472;0.239
1370043813688;0.015
1370043815106;0.167
1370043815596;0.273
1370043815613;0.193
1370043816916;0.135
1370043817004;0.015
1370043818146;0.199
1370043820993;0.465
1370043821571;0.136
1370043823796;0.016
1370043824833;0.035
1370043825156;0.24
1370043826057;0.25
1370043826236;0.107
1370043826546;0.098
1370043826854;0.784
1370043827603;0.001
1370043828782;0.065
1370043829652;0.202
1370043830424;0.126
1370043831627;0.04
1370043832609;0.128
1370043833252;0.074
1370043836524;0.066
1370043836971;0.023
1370043837837;0.393
1370043838816;0.478
1370043840286;0.265
1370043841069;0.219
1370043842313;0.222
1370043842638;0.153
1370043843191;0.526
1370043851485;0.167
1370043854245;0.001
1370043856058;0.232
1370043856942;0.182
1370043857915;0.201
1370043860823;0.074
1370043863291;0.039
1370043864834;0.099
1370043865592;0.107
1370043867309;0.437
1370043867750;0.011
1370043869525;0.592
1370043871096;0.141
1370043872606;0.024
1370043873344;0.385
1370043875566;0.037
1370043875952;0.047
1370043876496;0.049
1370043877006;0.019
1370043877090;0.037
1370043877293;0.27
1370043877700;0.028
1370043878104;0.214
1370043879255;0.095
1370043880975;0.065
1370043881499;0.001
1370043883706;0.209
1370043884100;0.438
1370043885429;0.005
1370043886354;0.159
1370043886600;0.034
1370043886660;0.005
1370043887622;0.03
1370043888707;0.099
1370043890827;0.027
1370043892420;0.079
1370043893714;0.265
1370043898080;0.172
1370043900524;0.327
1370043902192;0.038
1370043902909;0.012
1370043902985;0.617
1370043903187;0.825
1370043904987;0.28
1370043905412;0.566
1370043905764;0.028
1370043906771;0.14
1370043908384;0.096
1370043909071;0.078
1370043910318;0.001
1370043910711;0.189
1370043911519;0.028
1370043912907;0.204
1370043914958;0.061
1370043918096;0.111
1370043920931;0.206
1370043922261;0.002
1370043923988;0.054
1370043926883;0.043
1370043928110;0.012
1370043931665;0.052
1370043932158;0.012
1370043933285;0.08
1370043934741;0.055
1370043936103;0.099
1370043937208;0.182
1370043938297;0.023
1370043938781;0.292
1370043943097;0.129
1370043945813;0.221
1370043946878;0.197
1370043947930;0.062
1370043948370;0.159
1370043950641;0.392
1370043951353;0.07
1370043953076;0.124
1370043953088;0.162
1370043953650;0.32
1370043953803;0.093
1370043954867;0.435
1370043955382;0.942
1370043955405;0.48
1370043956754;0.039
1370043958147;0.004
1370043958363;0.066
1370043960258;0.057
1370043961594;0.05
1370043966639;0.007
1370043967146;0.023
1370043967749;0.078
1370043967898;0.083
1370043969287;0.027
1370043969816;0.211
1370043975189;0.174
1370043975785;0.007
1370043976122;0.019
1370043977287;0.342
1370043978886;0.125
1370043980231;0.185
1370043980520;0.015
1370043981139;0.137
1370043982432;0.057
1370043982915;0.044
1370043983359;0.411
1370043985641;0.303
1370043986803;0.132
1370043987638;0.0
1370043988688;0.053
1370043989003;0.116
1370043989445;0.055
1370043990994;0.116
1370043992532;0.037
1370043993688;0.534
1370043993873;0.126
1370043994082;0.028
1370043994571;0.038
1370043995377;0.067
1370043995782;0.348
1370043995802;0.054
1370043996198;0.104
1370043999256;0.263
1370043999607;0.659
1370044001393;0.142
1370044001470;0.035
1370044002935;0.031
1370044005569;0.044
1370044007750;0.022
1370044010148;0.03
1370044010321;0.081
1370044014079;0.018
1370044015477;0.258
1370044017480;0.072
1370044020834;0.008
1370044020878;0.065
1370044023872;0.009
1370044024172;0.094
1370044026076;0.026
1370044029011;0.037
1370044030219;0.001
1370044033997;0.159
1370044036149;0.504
1370044036192;0.024
1370044038040;0.13
1370044038383;0.144
1370044039206;0.01
1370044039325;0.132
1370044043358;0.16
1370044043828;0.146
1370044045928;0.081
1370044046014;0.238
1370044046307;0.821
1370044046971;0.381
1370044047238;0.007
1370044049985;0.222
1370044050948;0.109
1370044052222;0.243
1370044052755;0.072
1370044053952;0.063
1370044059137;0.251
1370044059521;0.034
1370044060567;0.025
1370044060723;0.025
1370044061465;0.176
1370044062897;0.02
1370044065253;0.038
1370044067274;0.197
1370044068273;0.142
1370044069724;0.233
1370044071351;0.694
1370044071894;0.201
1370044071933;0.413
1370044072951;0.136
1370044072974;0.033
1370044079153;0.283
1370044080113;0.053
1370044080544;0.104
1370044080735;0.03
1370044086104;0.018
1370044087395;0.276
1370044090192;0.107
1370044093100;0.124
1370044096974;0.086
1370044097417;0.099
1370044098278;0.03
1370044099003;0.001
1370044100437;0.43
1370044100560;0.088
1370044101290;0.118
1370044101421;0.114
1370044104823;0.001
1370044105563;0.051
1370044106517;0.035
1370044106759;0.138
1370044107410;0.136
1370044107559;0.011
1370044108847;0.03
1370044111425;0.086
1370044111834;0.0
1370044111950;0.016
1370044114779;0.286
1370044115666;0.057
1370044115953;0.098
1370044116534;0.396
1370044117433;0.035
1370044119149;0.002
1370044121000;0.085
1370044121986;0.194
1370044122582;0.317
1370044124749;0.07
1370044125170;0.158
1370044127627;0.329
1370044128022;0.321
1370044128660;0.007
1370044129223;0.079
1370044129801;0.357
1370044130811;0.093
1370044131348;0.086
1370044131490;0.042
1370044135335;0.267
1370044135763;0.041
1370044135976;0.047
1370044136406;0.313
1370044137968;0.013
1370044138356;0.161
1370044140580;0.018
1370044140749;0.046
1370044141536;0.047
1370044145711;0.046
1370044145961;0.243
1370044148768;0.079
1370044149224;1.023
1370044149608;0.305
1370044152110;0.304
1370044152276;0.083
1370044153081;0.312
1370044153101;0.349
1370044153115;0.403
1370044154717;0.308
1370044154839;0.296
1370044156421;0.58
1370044156731;0.04
1370044156965;0.034
1370044159058;0.034
1370044159764;0.002
1370044161708;0.026
1370044162294;0.03
1370044166196;0.026
1370044168020;0.119
1370044168622;0.094
1370044170269;0.279
1370044171388;0.2
1370044173806;0.043
1370044175592;0.106
1370044175733;0.025
1370044176239;0.088
1370044178060;0.118
1370044180212;0.062
1370044181135;0.015
1370044181788;0.072
1370044185138;0.255
1370044186170;0.279
1370044187688;0.061
1370044189778;0.002
1370044190236;0.258
1370044192385;0.709
1370044193675;0.091
1370044195334;0.124
1370044195996;0.258
1370044198401;0.063
1370044200028;0.046
1370044201518;0.141
1370044201810;0.074
1370044202929;0.089
1370044205066;0.07
1370044205322;0.079
1370044206378;0.32
1370044207717;0.008
1370044209087;0.039
1370044209205;0.093
1370044209278;0.153
1370044218736;0.148
1370044219060;0.16
1370044219514;0.228
1370044220628;0.119
1370044221635;0.001
1370044222458;0.302
1370044223130;0.03
1370044226118;0.179
1370044226789;0.18
1370044227411;0.189
1370044229159;0.063
1370044229519;0.138
1370044231471;0.093
1370044233822;0.296
1370044234629;0.064
1370044237020;0.117
1370044239405;0.18
1370044240733;0.168
1370044241704;0.874
1370044242264;0.015
1370044245999;0.045
1370044246167;0.207
1370044246503;0.111
1370044247792;0.076
1370044249317;0.125
1370044249731;0.446
1370044251643;0.046
1370044254433;0.03
1370044255833;0.263
1370044258074;0.071
1370044260322;0.079
1370044263793;0.051
1370044263884;0.059
1370044263906;0.078
1370044264950;0.09
1370044265321;0.055
1370044268758;0.052
1370044269081;0.15
1370044269578;0.157
1370044269999;0.253
1370044270711;0.033
1370044270830;0.032
1370044274643;0.412
1370044275678;0.184
1370044276486;0.03
1370044278164;0.154
1370044278981;0.153
1370044279173;0.055
1370044280605;0.079
1370044282651;0.551
1370044285267;0.041
1370044285716;0.015
1370044288502;0.279
1370044289555;0.44
1370044291024;0.275
1370044293644;0.124
1370044293850;0.047
1370044294882;0.028
1370044298359;0.266
1370044299755;0.188
1370044299779;0.125
1370044300010;0.157
1370044301752;0.487
1370044301965;0.015
1370044302488;0.363
1370044302900;0.039
1370044309031;0.144
1370044309437;0.153
1370044309724;0.015
1370044312105;0.126
1370044312307;0.147
1370044312497;0.024
1370044314201;0.2
1370044314365;0.032
1370044319828;0.332
1370044319855;0.0
1370044321442;0.005
1370044321779;0.14
1370044322152;0.039
1370044322925;0.044
1370044324234;0.059
1370044324881;0.063
1370044324927;0.056
1370044325509;0.005
1370044329361;0.053
1370044330674;0.061
1370044337417;0.07
1370044339823;0.063
1370044342194;0.05
1370044342241;0.198
1370044342255;0.02
1370044342659;0.016
1370044343699;0.148
1370044343981;0.112
1370044345479;0.079
1370044346706;0.122
1370044347282;0.044
1370044350917;0.315
1370044353208;0.016
1370044354047;0.392
1370044354692;0.155
1370044357102;0.105
1370044358327;0.191
1370044358367;0.0
1370044359819;0.043
1370044360484;0.452
1370044365324;0.198
1370044367612;0.045
1370044367713;0.304
1370044370173;0.088
1370044370933;0.055
1370044371896;0.077
1370044371952;0.067
1370044373265;0.252
1370044375303;0.583
1370044375502;0.43
1370044378159;0.0
1370044380343;0.13
1370044381548;0.063
1370044384330;0.102
1370044384906;0.034
1370044386484;0.125
1370044386494;0.057
1370044387681;0.453
1370044388195;0.081
1370044390868;0.0
1370044395329;0.058
1370044395906;0.0
1370044397150;0.047
1370044397548;0.102
1370044398510;0.057
1370044399017;0.01
1370044400003;0.209
1370044400413;0.14
1370044400573;0.037
1370044403619;0.002
1370044404478;0.013
1370044405479;0.021
1370044406170;0.09
1370044407091;0.263
1370044407158;0.14
1370044410250;0.056
1370044411771;0.084
1370044412936;0.126
1370044413016;0.066
1370044415064;0.146
1370044416634;0.084
1370044417851;0.022
1370044418584;0.038
1370044419073;0.12
1370044420656;0.231
1370044422073;0.107
1370044423591;0.075
1370044424028;0.317
1370044426655;0.039
1370044427276;0.101
1370044430696;0.119
1370044431882;0.005
1370044432511;0.042
1370044436113;0.041
1370044437468;0.083
1370044437672;0.281
1370044439442;0.02
1370044440797;0.042
1370044440849;0.016
1370044440934;0.011
1370044441145;0.127
1370044441413;0.063
1370044441920;0.063
1370044443058;0.036
1370044445945;0.01
1370044447422;0.026
1370044447969;0.072
1370044453616;0.211
1370044453862;0.275
1370044453995;0.217
1370044455211;0.064
1370044457850;0.207
1370044458787;0.19
1370044459376;0.061
1370044459511;0.364
1370044459557;0.004
1370044460551;0.272
1370044460569;0.087
1370044465132;0.187
1370044465668;0.311
1370044469673;0.118
1370044470744;0.001
1370044472429;0.009
1370044472880;0.4
1370044474006;0.002
1370044474370;0.025
1370044478054;0.147
1370044479479;0.037
1370044480014;0.036
1370044481109;0.03
1370044481194;0.331
1370044481961;0.056
1370044482340;0.07
1370044484392;0.118
1370044487243;0.196
1370044488229;0.122
1370044490166;0.042
1370044491511;0.152
1370044492209;0.007
1370044492438;0.056
1370044494039;0.028
1370044495050;0.008
1370044496779;0.015
1370044498301;0.06
1370044499920;0.127
1370044500590;0.21
1370044501392;0.038
1370044505762;0.625
1370044507588;0.071
1370044508815;0.137
1370044509718;0.288
1370044510338;0.291
1370044511146;0.168
1370044513447;0.021
1370044514289;0.067
1370044514591;0.087
1370044515820;0.046
1370044518230;0.064
1370044518328;0.005
1370044518346;0.092
1370044520209;0.178
1370044521169;0.048
1370044521836;0.143
1370044524213;0.053
1370044524702;0.264
1370044525673;0.231
1370044527059;0.132
1370044527705;0.394
1370044527942;0.058
1370044527971;0.236
1370044529498;0.208
1370044529723;0.418
1370044534484;0.389
1370044536002;0.572
1370044536262;0.031
1370044540665;0.028
1370044541526;0.321
1370044541765;0.062
1370044541828;0.039
1370044542602;0.146
1370044542616;0.172
1370044544195;0.083
1370044544518;0.068
1370044544927;0.046
1370044545614;0.049
1370044547061;0.406
1370044550103;0.005
1370044550419;0.197
1370044552473;0.147
1370044553928;0.414
1370044554628;0.039
1370044558880;0.083
1370044559123;0.064
1370044559590;0.298
1370044559885;0.055
1370044563242;0.015
1370044563461;0.165
1370044567822;0.124
1370044568253;0.028
1370044568538;0.261
1370044570854;0.163
1370044571446;0.162
1370044571828;0.02
1370044573637;0.009
1370044577040;0.039
1370044578526;0.091
1370044580244;0.153
1370044581322;0.168
1370044581784;0.188
1370044582311;0.408
1370044582914;0.277
1370044583139;0.076
1370044583799;0.041
1370044585431;0.051
1370044589530;0.28
1370044591605;0.053
1370044593117;0.019
1370044593961;0.082
1370044594228;0.061
1370044600587;0.02
1370044601576;0.015
1370044602688;0.264
1370044602731;0.14
1370044603794;0.526
1370044603901;0.047
1370044605512;0.015
1370044607184;0.18
1370044607591;0.046
1370044610077;0.053
1370044610737;0.45
1370044611792;0.03
1370044612078;0.015
1370044613474;0.173
1370044615963;0.015
1370044618681;0.22
1370044619764;0.284
1370044623011;0.008
1370044623487;0.066
1370044623678;0.013
1370044624360;0.274
1370044624369;0.214
1370044625047;0.115
1370044626093;0.083
1370044626318;0.036
1370044627828;0.277
1370044630054;0.212
1370044630359;0.005
1370044631696;0.19
1370044632141;0.005
1370044634406;0.093
1370044635614;0.145
1370044637148;0.056
1370044637284;0.023
1370044637543;0.367
1370044640587;0.016
1370044643789;0.311
1370044644190;0.126
1370044646347;0.059
1370044646401;0.125
1370044646512;0.013
1370044646754;0.094
1370044648225;0.099
1370044648273;0.253
1370044650203;0.055
1370044650262;0.083
1370044651258;0.235
1370044652120;0.69
1370044653114;0.037
1370044655314;0.038
1370044657694;0.206
1370044658330;0.621
1370044658766;0.033
1370044662534;0.898
1370044665943;0.0
1370044666298;0.084
1370044668447;0.122
1370044668901;0.08
1370044670185;0.184
1370044670661;0.926
1370044670956;0.051
1370044671661;0.007
1370044672248;0.321
1370044672655;0.249
1370044672779;0.17
1370044673122;0.165
1370044673334;1.381
1370044673894;0.083
1370044674718;0.275
1370044675703;0.036
1370044676712;0.037
1370044678130;0.103
1370044680302;0.016
1370044681831;0.132
1370044682619;0.224
1370044685131;0.02
1370044687561;0.015
1370044687871;0.304
1370044688601;0.097
1370044688875;0.24
1370044690350;0.144
1370044691400;0.074
1370044693147;0.231
1370044694349;0.051
1370044694663;0.13
1370044694781;0.243
1370044694903;0.342
1370044696548;0.064
1370044696564;0.09
1370044696719;0.148
1370044697241;0.052
1370044697770;0.022
1370044698549;0.02
1370044698723;0.02
1370044702132;0.124
1370044703128;0.005
1370044708620;0.039
1370044711179;0.199
1370044712234;0.078
1370044712239;0.065
1370044714564;0.457
1370044715036;0.185
1370044716203;0.061
1370044717662;0.215
1370044718093;0.067
1370044722606;0.008
1370044722998;0.293
1370044723586;0.015
1370044725049;0.265
1370044730049;0.066
1370044730789;0.549
1370044731046;0.068
1370044731616;0.274
1370044731889;0.104
1370044732121;0.146
1370044732699;0.016
1370044733746;0.0
1370044736057;0.14
1370044736990;0.142
1370044739221;0.0
1370044742014;0.151
1370044744156;0.125
1370044744488;0.087
1370044745934;0.07
1370044746740;0.159
1370044748041;0.007
1370044749038;0.266
1370044749299;0.0
1370044750570;0.012
1370044750843;0.159
1370044751063;0.205
1370044753799;0.277
1370044754320;0.22
1370044755845;0.131
1370044756490;0.185
1370044757269;0.459
1370044757618;0.384
1370044757769;0.087
1370044758544;0.072
1370044759447;0.025
1370044759845;0.071
1370044765902;0.022
1370044766583;0.287
1370044766858;0.495
1370044766899;0.329
1370044767111;0.596
1370044767746;0.059
1370044769175;0.188
1370044770560;0.26
1370044770818;0.138
1370044771198;0.078
1370044771369;0.005
1370044776463;0.063
1370044776494;0.009
1370044779018;0.299
1370044779550;0.104
1370044780260;0.17
1370044780955;0.301
1370044781265;0.354
1370044781350;0.806
1370044782515;0.031
1370044783089;0.295
1370044787143;0.061
1370044788573;0.188
1370044790806;0.069
1370044791780;0.132
1370044791864;0.114
1370044794714;0.088
1370044797229;0.221
1370044797752;0.105
1370044801994;0.144
1370044802050;0.32
1370044805795;0.055
1370044806306;0.35
1370044806692;0.034
1370044807243;0.05
1370044807602;0.061
1370044808135;0.024
1370044809040;0.081
1370044809668;0.25
1370044810368;0.112
1370044815499;0.268
1370044818693;0.046
1370044820749;0.225
1370044823905;0.026
1370044828632;0.332
1370044829047;0.007
1370044829165;0.2
1370044832500;0.397
1370044832942;0.235
1370044833192;0.063
1370044833437;0.135
1370044834948;0.199
1370044836621;0.002
1370044838063;0.072
1370044839772;0.233
1370044842300;0.028
1370044845445;0.126
1370044845700;0.052
1370044845789;0.007
1370044849091;0.016
1370044849941;0.107
1370044850020;0.027
1370044851942;0.05
1370044853909;0.002
1370044854478;0.169
1370044855635;0.009
1370044859976;0.183
1370044861833;0.741
1370044862045;0.136
1370044864129;0.005
1370044865528;0.13
1370044866453;0.026
1370044869917;0.16
1370044871118;0.039
1370044873296;0.143
1370044875740;0.031
1370044877318;0.412
1370044877367;0.481
1370044878107;0.14
1370044878511;0.083
1370044879320;0.042
1370044880415;0.233
1370044882116;0.114
1370044884419;0.118
1370044884740;0.101
1370044885119;0.005
1370044885641;0.032
1370044886229;0.034
1370044886325;0.198
1370044886575;0.224
1370044887447;0.091
1370044887809;0.097
1370044888156;0.005
1370044888568;0.079
1370044889140;0.142
1370044894471;0.242
1370044897116;0.157
1370044899798;0.266
1370044899898;0.25
1370044902049;0.166
1370044902666;0.14
1370044904045;0.195
1370044904765;0.015
1370044905838;0.062
1370044906323;0.21
1370044906441;0.035
1370044907318;0.185
1370044907432;0.233
1370044907585;0.072
1370044907963;0.291
1370044908053;0.241
1370044908156;0.463
1370044911757;0.001
1370044912127;0.074
1370044912172;0.007
1370044912804;0.519
1370044912958;0.7
1370044913089;0.126
1370044913294;0.086
1370044914276;0.611
1370044916552;0.016
1370044917256;0.053
1370044917999;0.045
1370044920303;0.124
1370044921505;0.38
1370044922007;0.037
1370044926029;0.796
1370044926134;0.898
1370044927077;0.188
1370044928675;0.29
1370044928689;0.049
1370044931279;0.168
1370044933428;0.09
1370044933873;0.038
1370044933952;0.028
1370044934483;0.444
1370044935041;0.138
1370044936668;0.055
1370044936943;0.004
1370044937085;0.05
1370044940522;0.002
1370044941324;0.243
1370044946091;0.297
1370044947254;0.064
1370044948353;0.053
1370044948921;0.015
1370044949521;0.02
1370044949958;0.145
1370044950867;0.159
1370044952245;0.018
1370044954187;0.291
1370044956635;0.024
1370044958464;0.04
1370044960054;0.333
1370044960331;0.207
1370044963795;0.061
1370044966246;0.041
1370044968725;0.688
1370044968943;0.138
1370044969901;0.145
1370044970107;0.008
1370044970314;0.033
1370044972060;0.288
1370044974229;0.002
1370044976176;0.083
1370044977644;0.139
1370044977853;0.14
1370044978229;0.067
1370044978245;0.001
1370044979341;0.022
1370044979670;0.009
1370044981074;0.046
1370044981740;0.299
1370044981921;0.036
1370044982784;0.228
1370044987222;0.126
1370044987607;0.064
1370044988153;0.023
1370044989032;0.293
1370044989760;0.199
1370044989809;0.005
1370044990303;0.056
1370044991374;0.103
1370044994210;0.109
1370044994850;0.289
1370044995441;0.53
1370044995671;0.689
1370044996917;0.051
1370044997501;0.323
1370044998749;0.018
1370045001365;0.011
1370045001812;0.005
1370045001937;0.527
1370045003541;0.237
1370045004455;0.039
1370045006521;0.089
1370045008625;0.095
1370045010121;0.002
1370045011582;0.217
1370045012226;0.102
1370045013132;0.008
1370045018950;0.502
1370045021595;0.154
1370045022318;0.025
1370045022609;0.005
1370045023982;0.068
1370045024959;0.04
1370045025448;0.253
1370045025846;0.015
1370045026822;0.14
1370045028198;0.026
1370045030228;0.059
1370045031048;0.144
1370045031963;0.004
1370045032632;0.117
1370045032757;0.178
1370045033270;0.097
1370045035044;0.015
1370045035564;0.009
1370045039179;0.024
1370045040143;0.317
1370045040222;0.002
1370045041328;0.032
1370045042458;0.055
1370045044962;0.218
1370045045458;0.039
1370045048529;0.107
1370045055441;0.11
1370045057263;0.063
1370045058345;0.015
1370045059056;0.007
1370045059932;0.061
1370045060709;0.204
1370045060961;0.051
1370045062753;0.033
1370045062979;0.016
1370045064036;0.308
1370045064434;0.035
1370045066499;0.178
1370045072261;0.336
1370045072860;0.178
1370045075979;0.025
1370045076372;0.057
1370045076459;0.072
1370045077822;0.138
1370045078091;0.183
1370045078729;0.195
1370045079265;0.174
1370045081315;0.008
1370045084075;0.032
1370045086946;0.016
1370045088121;0.087
1370045089125;0.015
1370045089464;0.013
1370045091224;0.345
1370045091228;0.178
1370045095956;0.001
1370045097715;0.107
1370045097816;0.088
1370045098256;0.175
1370045098468;0.002
1370045098767;0.067
1370045100175;0.011
1370045100803;0.101
1370045103367;0.035
1370045105307;0.11
1370045105891;0.074
1370045114291;0.013
1370045114423;0.122
1370045115908;0.047
1370045116406;0.057
1370045120196;0.03
1370045122463;0.05
1370045122891;0.349
1370045124204;0.042
1370045125754;0.409
1370045126889;0.136
1370045128395;0.388
1370045128443;0.257
1370045129400;0.176
1370045133769;0.049
1370045133887;0.039
1370045134603;0.023
1370045134966;0.103
1370045135717;0.072
1370045137322;0.007
1370045138504;0.046
1370045139033;0.009
1370045140770;0.003
1370045141108;0.548
1370045144291;0.155
1370045145138;0.144
1370045145350;0.373
1370045146740;0.299
1370045147001;0.2
1370045147683;0.16
1370045148281;0.024
1370045149254;0.125
1370045149344;0.062
1370045151024;0.07
1370045153680;0.24
1370045154153;0.082
1370045155914;0.175
1370045157079;0.03
1370045158644;0.025
1370045164439;0.023
1370045169949;0.046
1370045171869;0.111
1370045172831;0.083
1370045173901;0.273
1370045177275;0.028
1370045178319;0.061
1370045180441;0.042
1370045181067;0.145
1370045181915;0.057
1370045182102;0.057
1370045182307;0.041
1370045186278;0.015
1370045186843;0.113
1370045187024;0.359
1370045192304;0.053
1370045192765;0.416
1370045193658;0.285
1370045194380;0.459
1370045196961;0.05
1370045197241;0.007
1370045198062;0.077
1370045198220;0.3
1370045198616;0.075
1370045199321;0.109
1370045199740;0.417
1370045200442;0.061
1370045202031;0.05
1370045205029;0.011
1370045205061;0.009
1370045205598;0.022
1370045206678;0.001
1370045207846;0.041
1370045208970;0.026
1370045215809;0.104
1370045217939;0.028
1370045220533;0.163
1370045221248;0.007
1370045221337;0.013
1370045222496;0.001
1370045222622;0.044
1370045224372;0.226
1370045225669;0.281
1370045227518;0.028
1370045228583;0.033
1370045230534;0.302
1370045231478;0.027
1370045232188;0.317
1370045232415;0.129
1370045233092;0.292
1370045233624;0.031
1370045234507;0.097
1370045235094;0.317
1370045235394;0.493
1370045236640;0.047
1370045237855;0.023
1370045240194;0.004
1370045240522;0.033
1370045243281;0.018
1370045245164;0.238
1370045247500;0.059
1370045248840;0.02
1370045249367;0.01
1370045249399;0.114
1370045250043;0.195
1370045255299;0.373
1370045258326;0.016
1370045259266;0.009
1370045259911;0.064
1370045260898;0.104
1370045263091;0.061
1370045263707;0.114
1370045266142;0.117
1370045266509;0.026
1370045267526;0.158
1370045269597;0.121
1370045269741;0.236
1370045269831;0.044
1370045270183;0.031
1370045271187;0.105
1370045271915;0.107
1370045274889;0.195
1370045275408;0.087
1370045276378;0.011
1370045276686;0.336
1370045277279;0.014
1370045279959;0.113
1370045280722;0.096
1370045281820;0.141
1370045282106;0.047
1370045283729;0.063
1370045283878;0.03
1370045284676;0.078
1370045290865;0.422
1370045292811;0.504
1370045295244;0.02
1370045296124;0.297
1370045297168;0.275
1370045297815;0.238
1370045300896;0.097
1370045301660;0.202
1370045306404;0.012
1370045308707;0.024
1370045310678;0.022
1370045315246;0.064
1370045320170;0.594
1370045321931;0.057
1370045322324;0.191
1370045323053;0.015
1370045325997;0.048
1370045327247;0.176
1370045327308;0.052
1370045327772;0.062
1370045328227;0.012
1370045332683;0.205
1370045334245;0.147
1370045336019;0.144
1370045336980;0.088
1370045339518;0.458
1370045342580;0.444
1370045343929;0.243
1370045345055;0.236
1370045345282;0.037
1370045345578;0.063
1370045346470;0.184
1370045346811;0.688
1370045347716;0.111
1370045352105;0.065
1370045354298;0.015
1370045356020;0.101
1370045358871;0.088
1370045360072;0.109
1370045360855;0.169
1370045365144;0.896
1370045366460;0.09
1370045366611;0.08
1370045367172;0.354
1370045369469;0.068
1370045370148;0.042
1370045372486;0.005
1370045372722;0.022
1370045373954;0.576
1370045374300;0.667
1370045374314;0.673
1370045375968;0.009
1370045376228;0.161
1370045377073;0.62
1370045377138;0.625
1370045378575;0.126
1370045378655;0.018
1370045379352;0.008
1370045379947;0.002
1370045381317;0.284
1370045382344;0.079
1370045383158;0.024
1370045386159;0.082
1370045386550;0.075
1370045388176;0.224
1370045389211;0.094
1370045389693;0.02
1370045390550;0.16
1370045390850;0.124
1370045391288;0.216
1370045395629;0.134
1370045396400;0.072
1370045396541;0.057
1370045397975;0.052
1370045398750;0.135
1370045399748;0.011
1370045401623;0.198
1370045403423;0.057
1370045404749;0.062
1370045404915;0.005
1370045405076;0.024
1370045405216;0.085
1370045409109;0.107
1370045409560;0.0
1370045409947;0.061
1370045410032;0.318
1370045410227;0.02
1370045410653;0.245
1370045423911;0.199
1370045425042;0.046
1370045425629;0.259
1370045426358;0.386
1370045428033;0.257
1370045428046;0.008
1370045428136;0.005
1370045428664;0.001
1370045428949;0.019
1370045429633;0.126
1370045431631;0.229
1370045432659;0.091
1370045435898;0.031
1370045436951;0.352
1370045438218;0.05
1370045438839;0.442
1370045439041;0.519
1370045439355;0.275
1370045439606;0.1
1370045440033;0.181
1370045441328;0.052
1370045442657;0.085
1370045442728;0.134
1370045443167;0.213
1370045444435;0.184
1370045444934;0.109
1370045446432;0.256
1370045446865;0.287
1370045447224;0.56
1370045451068;0.043
1370045452629;0.091
1370045453405;0.055
1370045456249;0.008
1370045456654;0.12
1370045458323;0.116
1370045458814;0.068
1370045459359;0.249
1370045461462;0.01
1370045462711;0.097
1370045465129;0.268
1370045465773;0.107
1370045465839;0.201
1370045466592;0.293
1370045468110;0.051
1370045468445;0.033
1370045470933;0.005
1370045473676;0.155
1370045473983;0.001
1370045475508;0.017
1370045477341;0.001
1370045479825;0.154
1370045480353;0.763
1370045483516;0.186
1370045483990;0.064
1370045484203;0.093
1370045485915;0.226
1370045489961;0.147
1370045490646;0.195
1370045492025;0.016
1370045492292;0.173
1370045493885;0.237
1370045494616;0.016
1370045496221;0.001
1370045497280;0.018
1370045498070;0.02
1370045498769;0.068
1370045503929;0.151
1370045505222;0.024
1370045505905;0.016
1370045507043;0.02
1370045507054;0.583
1370045510321;0.083
1370045511282;0.216
1370045513378;0.037
1370045514104;0.146
1370045515727;0.375
1370045516374;0.938
1370045522220;0.15
1370045522778;0.093
1370045526104;0.059
1370045527116;0.075
1370045528064;0.103
1370045531449;0.876
1370045531734;0.087
1370045534892;0.032
1370045536675;0.173
1370045538980;0.222
1370045541597;0.753
1370045547297;0.09
1370045547494;0.019
1370045547628;0.035
1370045549235;0.291
1370045549816;0.068
1370045551597;0.005
1370045552077;0.148
1370045552253;0.113
1370045559673;0.495
1370045560599;0.036
1370045561316;0.112
1370045561454;0.717
1370045562103;0.178
1370045568435;0.009
1370045569656;0.037
1370045572650;0.558
1370045572818;0.78
1370045574409;0.163
1370045575806;0.321
1370045577690;0.093
1370045581901;0.205
1370045582758;0.061
1370045587883;0.316
1370045591554;0.139
1370045591798;0.056
1370045593208;0.142
1370045594102;0.172
1370045595625;0.023
1370045596324;0.209
1370045596633;0.178
1370045596923;0.096
1370045600660;0.083
1370045604170;0.068
1370045604716;0.357
1370045606304;0.019
1370045607669;0.146
1370045610731;0.026
1370045612513;0.116
1370045613204;0.015
1370045615406;0.138
1370045618597;0.231
1370045619042;0.139
1370045624874;0.325
1370045627453;0.033
1370045627606;0.312
1370045627667;0.346
1370045629003;0.608
1370045629232;0.048
1370045632743;0.065
1370045634267;0.281
1370045639750;0.089
1370045640255;0.167
1370045640438;0.714
1370045641046;0.081
1370045647135;0.259
1370045647949;0.023
1370045648695;0.122
1370045649512;0.17
1370045650122;0.02
1370045652592;0.03
1370045652695;0.019
1370045655091;0.409
1370045655132;0.272
1370045656039;0.009
1370045656969;0.024
1370045657398;0.082
1370045658806;0.044
1370045660358;0.034
1370045664417;0.076
1370045666425;0.253
1370045667510;0.299
1370045669963;0.112
1370045670827;0.167
1370045672344;0.076
1370045672848;0.028
1370045676196;0.043
1370045677638;0.134
1370045678243;0.134
1370045683133;0.132
1370045689564;0.038
1370045690076;0.061
1370045691745;0.037
1370045692518;0.17
1370045694127;0.257
1370045694241;0.487
1370045697353;0.382
1370045697718;0.213
1370045698036;0.084
1370045699983;0.244
1370045700181;0.313
1370045700693;0.263
1370045705943;0.007
1370045707580;0.14
1370045709300;0.406
1370045709564;0.083
1370045711159;0.018
1370045712023;0.182
1370045712540;0.154
1370045712603;0.246
1370045715879;0.107
1370045716101;0.161
1370045716420;0.013
1370045716594;0.156
1370045716604;0.243
1370045719271;0.024
1370045719651;0.002
1370045724216;0.107
1370045727666;0.099
1370045728031;0.091
1370045728634;0.083
1370045730268;0.025
1370045731064;0.159
1370045731539;0.012
1370045731762;0.206
1370045733062;0.05
1370045734762;0.035
1370045735020;0.176
1370045736154;0.001
1370045737171;0.154
1370045740236;0.024
1370045740643;0.583
1370045741008;0.064
1370045742362;0.237
1370045743484;0.193
1370045744343;0.073
1370045745073;0.001
1370045746089;0.068
1370045749624;0.055
1370045751343;0.072
1370045752354;0.188
1370045755000;0.078
1370045755422;0.233
1370045757387;0.098
1370045757493;0.257
1370045758310;0.274
1370045759728;0.747
1370045761418;0.382
1370045767658;0.001
1370045768047;0.096
1370045770679;0.064
1370045771337;0.401
1370045774702;0.039
1370045775195;0.418
1370045775313;0.417
1370045775712;0.063
1370045776276;0.228
1370045777920;0.064
1370045778029;0.076
1370045778237;0.028
1370045778270;0.13
1370045779428;0.067
1370045781914;0.151
1370045787320;0.333
1370045787414;0.419
1370045788534;0.016
1370045791601;0.087
1370045791814;0.26
1370045794042;0.001
1370045795046;0.059
1370045795268;0.061
1370045797033;0.149
1370045797972;0.283
1370045799031;0.02
1370045799094;0.002
1370045802989;0.073
1370045803410;0.239
1370045808061;0.211
1370045809280;0.001
1370045809533;0.015
1370045810492;0.095
1370045810956;0.358
1370045813113;0.153
1370045814791;0.327
1370045815482;0.0
1370045817181;0.411
1370045817894;0.05
1370045820980;0.027
1370045822380;0.067
1370045823233;0.022
1370045828056;0.008
1370045828973;0.144
1370045829110;0.039
1370045831356;0.031
1370045831554;0.068
1370045835508;0.035
1370045837336;0.024
1370045837510;0.214
1370045839862;0.059
1370045841428;0.107
1370045842424;0.059
1370045843455;0.082
1370045843477;0.055
1370045843923;0.019
1370045847139;0.139
1370045847870;0.158
1370045853589;0.124
1370045854836;0.036
1370045855181;0.035
1370045855183;0.188
1370045855744;0.213
1370045856809;0.137
1370045860161;0.113
1370045860199;0.211
1370045860573;0.076
1370045862654;0.534
1370045865208;0.089
1370045865425;0.141
1370045866029;0.259
1370045866246;0.111
1370045867677;0.163
1370045869289;0.124
1370045869797;0.035
1370045871811;0.15
1370045874691;0.278
1370045875748;0.028
1370045876216;0.062
1370045876463;0.379
1370045877409;0.286
1370045877767;0.109
1370045877974;0.015
1370045879757;0.034
1370045879931;0.002
1370045880308;0.336
1370045881743;0.112
1370045882303;0.202
1370045887781;0.016
1370045887896;0.057
1370045888420;0.062
1370045889356;0.064
1370045891805;0.125
1370045894385;0.273
1370045896977;0.061
1370045897487;0.09
1370045903244;0.274
1370045903339;0.106
1370045905211;0.322
1370045912830;0.173
1370045913242;0.278
1370045917766;0.462
1370045917881;0.685
1370045919534;0.068
1370045921305;0.381
1370045921421;0.088
1370045921661;0.032
1370045921957;0.013
1370045922600;0.459
1370045923088;0.847
1370045923142;0.426
1370045925656;0.376
1370045926752;0.222
1370045927547;0.03
1370045927831;0.126
1370045929219;0.367
1370045930183;0.241
1370045934380;0.049
1370045935720;0.043
1370045936152;0.18
1370045936440;0.228
1370045936535;0.068
1370045936963;0.02
1370045937310;0.084
1370045939252;0.063
1370045943062;0.016
1370045950997;0.03
1370045951348;0.003
1370045951408;0.376
1370045951696;0.043
1370045952120;0.001
1370045952192;0.086
1370045952619;0.498
1370045954339;0.163
1370045956551;0.051
1370045967989;0.02
1370045969730;0.409
1370045970820;0.02
1370045971387;0.0
1370045977991;0.135
1370045978374;0.09
1370045980375;0.497
1370045980421;0.506
1370045982481;0.05
1370045986248;0.212
1370045986596;0.293
1370045990157;0.322
1370045991311;0.063
1370045991903;0.087
1370045992703;0.033
1370045997102;0.184
1370045999066;0.089
1370046002511;0.11
1370046006398;0.04
1370046006537;0.464
1370046006668;0.023
1370046008145;0.04
1370046012890;0.011
1370046015010;0.34
1370046015252;0.686
1370046017139;0.19
1370046018001;0.124
1370046018569;0.342
1370046020549;0.037
1370046021190;0.022
1370046021958;0.002
1370046023497;0.279
1370046024004;0.076
1370046026835;0.024
1370046026973;0.028
1370046029171;0.111
1370046029700;0.121
1370046030241;0.013
1370046030584;0.213
1370046031784;0.144
1370046032021;0.037
1370046037596;0.782
1370046038121;0.256
1370046038446;0.198
1370046038776;0.056
1370046045146;0.01
1370046047079;0.44
1370046048935;0.034
1370046050248;0.121
1370046050694;0.074
1370046050708;0.044
1370046052693;0.055
1370046054714;0.047
1370046055289;0.125
1370046055862;0.141
1370046057228;0.489
1370046057974;0.033
1370046062430;0.036
1370046062727;0.118
1370046064717;0.534
1370046064931;0.064
1370046069169;0.193
1370046072338;0.001
1370046072516;0.025
1370046074308;0.374
1370046074551;0.001
1370046076018;0.008
1370046076740;0.081
1370046077478;0.002
1370046078603;0.015
1370046080992;0.124
1370046081483;0.03
1370046083445;0.285
1370046083704;0.053
1370046085281;0.012
1370046087285;0.156
1370046087379;0.145
1370046087864;0.373
1370046087940;0.061
1370046091481;0.113
1370046092798;0.414
1370046095789;0.015
1370046096071;0.033
1370046096741;0.314
1370046097170;0.19
1370046099532;0.203
1370046100015;0.178
1370046100741;0.215
1370046102194;0.288
1370046102744;0.067
1370046103008;0.246
1370046110382;0.403
1370046111066;0.276
1370046114281;0.129
1370046120396;0.015
1370046120872;0.076
1370046122913;0.189
1370046123710;0.061
1370046128446;0.199
1370046129150;0.095
1370046130314;0.013
1370046132935;0.253
1370046133347;0.162
1370046133598;0.203
1370046134232;0.077
1370046136463;0.176
1370046137160;0.08
1370046139583;0.362
1370046140454;0.311
1370046143833;0.056
1370046144506;0.211
1370046145681;0.153
1370046148659;0.126
1370046148945;0.34
1370046149963;0.146
1370046150150;0.061
1370046150181;0.004
1370046151382;0.055
1370046153031;0.326
1370046154661;0.263
1370046154684;0.178
1370046155018;0.224
1370046155852;0.015
1370046157332;0.005
1370046157924;0.023
1370046161563;0.147
1370046161980;0.146
1370046162228;0.053
1370046162287;0.236
1370046165602;0.065
1370046167891;0.191
1370046168572;0.064
1370046171235;0.008
1370046172979;0.02
1370046174080;0.17
1370046175244;0.134
1370046176761;0.039
1370046179952;0.389
1370046180445;0.015
1370046181063;0.057
1370046181237;0.182
1370046181323;0.103
1370046182701;0.134
1370046182840;0.095
1370046183340;0.19
1370046185870;0.255
1370046186351;0.336
1370046187373;0.122
1370046188416;0.086
1370046188596;0.193
1370046189477;0.417
1370046191837;0.303
1370046191869;0.352
1370046191954;0.32
1370046193967;0.318
1370046194374;0.09
1370046194560;0.066
1370046195925;0.031
1370046196883;0.011
1370046197435;0.484
1370046197754;0.812
1370046197872;0.383
1370046198406;0.185
1370046199076;0.168
1370046203895;0.066
1370046204167;0.066
1370046205504;0.177
1370046209484;0.005
1370046209718;0.126
1370046212969;0.038
1370046215684;0.05
1370046215962;0.187
1370046216071;0.131
1370046216131;0.406
1370046218152;0.036
1370046219719;0.116
1370046220320;0.773
1370046221641;0.091
1370046227617;0.155
1370046231827;0.161
1370046232380;0.073
1370046235286;0.009
1370046236782;0.23
1370046236816;0.045
1370046237451;0.532
1370046240044;0.038
1370046241550;0.012
1370046242010;0.136
1370046246077;0.136
1370046246132;0.736
1370046246221;0.767
1370046247327;0.0
1370046247355;0.031
1370046247861;0.093
1370046249392;0.186
1370046249962;0.076
1370046253554;0.102
1370046253755;0.063
1370046261446;0.118
1370046262520;0.095
1370046262668;0.064
1370046263088;0.049
1370046264030;0.133
1370046264711;0.011
1370046267345;0.07
1370046274051;0.283
1370046274301;0.077
1370046274362;0.168
1370046275758;0.082
1370046275788;0.043
1370046276474;0.001
1370046276804;0.09
1370046278145;0.431
1370046281408;0.019
1370046283338;0.287
1370046286577;0.198
1370046287936;0.175
1370046288770;0.038
1370046288770;0.68
1370046290910;0.033
1370046292859;0.13
1370046293879;0.154
1370046293981;0.247
1370046295283;0.634
1370046295952;0.018
1370046296718;0.047
1370046299672;0.212
1370046300465;0.173
1370046303344;0.48
1370046303413;0.604
1370046305262;0.047
1370046305613;0.051
1370046308567;0.093
1370046310822;0.143
1370046314951;0.664
1370046316295;0.079
1370046316565;0.167
1370046318908;0.341
1370046322761;0.098
1370046324910;0.215
1370046325675;0.141
1370046326294;0.298
1370046326355;0.629
1370046327360;0.297
1370046333663;0.159
1370046333874;0.183
1370046335014;0.08
1370046335152;0.731
1370046336790;0.028
1370046337287;0.113
1370046341563;0.143
1370046342095;0.012
1370046342959;0.03
1370046344302;0.06
1370046344346;0.187
1370046346638;0.08
1370046347216;0.171
1370046347232;0.03
1370046347551;0.031
1370046347996;0.203
1370046350006;0.088
1370046350202;0.035
1370046352276;0.007
1370046355023;0.512
1370046357116;0.056
1370046357313;0.063
1370046357919;0.13
1370046358484;0.286
1370046359368;0.055
1370046360206;0.16
1370046360400;0.053
1370046360602;0.037
1370046361874;0.237
1370046365494;0.028
1370046366027;0.324
1370046366667;0.108
1370046366836;0.481
1370046370586;0.037
1370046372933;0.318
1370046373123;0.052
1370046373815;0.189
1370046374837;0.076
1370046375842;0.075
1370046377096;0.081
1370046379108;0.242
1370046382816;0.059
1370046383315;0.016
1370046383330;0.001
1370046384175;0.189
1370046384733;0.136
1370046384835;0.005
1370046385581;0.614
1370046385762;0.253
1370046389971;0.083
1370046390936;0.066
1370046394441;0.394
1370046395679;0.043
1370046398307;0.109
1370046398531;0.052
1370046399936;0.018
1370046402920;0.19
1370046403235;0.088
1370046404765;0.012
1370046405742;0.012
1370046406137;0.151
1370046406756;0.055
1370046407673;0.174
1370046409985;0.394
1370046410228;0.914
1370046410402;1.172
1370046410741;0.714
1370046412830;0.101
1370046413129;0.184
1370046415757;0.093
1370046415972;0.042
1370046416138;0.14
1370046416902;0.015
1370046417191;0.017
1370046418817;0.093
1370046419206;0.026
1370046422664;0.154
1370046424011;0.396
1370046425252;0.145
1370046425789;0.182
1370046426330;0.088
1370046428668;0.341
1370046430318;0.173
1370046432428;0.192
1370046433259;0.068
1370046433846;0.016
1370046438434;0.027
1370046439475;0.15
1370046440810;0.025
1370046441120;0.025
1370046446532;0.107
1370046447003;0.024
1370046447090;0.03
1370046447141;0.036
1370046449523;0.039
1370046449860;0.019
1370046450708;0.117
1370046451070;0.107
1370046451320;0.089
1370046451647;0.059
1370046452311;0.114
1370046454621;0.143
1370046456407;0.216
1370046460221;0.03
1370046460827;0.093
1370046461916;0.066
1370046463629;0.041
1370046463915;0.191
1370046466813;0.031
1370046467019;0.089
1370046469306;0.551
1370046470851;0.016
1370046477371;0.194
1370046479170;0.069
1370046480145;0.05
1370046481905;0.015
1370046483414;0.281
1370046484531;0.061
1370046485189;0.115
1370046485607;0.024
1370046486476;0.19
1370046487660;0.001
1370046488196;0.085
1370046488264;0.001
1370046489875;0.093
1370046490928;0.036
1370046491407;0.051
1370046493155;0.071
1370046494300;0.064
1370046495495;0.02
1370046497899;0.01
1370046502822;0.269
1370046503103;0.948
1370046503175;0.991
1370046503908;0.343
1370046504175;0.044
1370046504423;0.156
1370046506023;0.045
1370046506694;0.003
1370046506704;0.03
1370046511185;0.223
1370046511964;0.028
1370046513350;0.299
1370046513707;0.004
1370046514648;0.127
1370046517425;0.141
1370046517632;0.001
1370046520059;0.13
1370046520483;0.001
1370046520572;0.044
1370046523758;0.281
1370046525466;0.098
1370046527624;0.031
1370046529708;0.159
1370046530358;0.202
1370046532213;0.025
1370046532362;0.205
1370046533323;0.048
1370046534478;0.185
1370046534602;0.373
1370046535112;0.563
1370046535183;0.015
1370046535486;0.044
1370046535954;0.049
1370046537230;0.075
1370046537483;0.0
1370046537671;0.049
1370046538531;0.075
1370046538570;0.067
1370046538829;0.016
1370046543956;0.199
1370046545933;0.016
1370046548086;0.121
1370046549985;0.407
1370046550170;0.694
1370046551723;0.238
1370046554387;0.015
1370046556216;0.001
1370046556369;0.056
1370046556858;0.317
1370046559637;0.095
1370046560283;0.524
1370046561746;0.162
1370046564067;0.251
1370046565163;0.101
1370046566487;0.073
1370046567053;0.036
1370046567473;0.004
1370046568080;0.005
1370046568419;0.016
1370046573312;0.291
1370046573783;0.036
1370046573919;0.143
1370046577204;0.005
1370046578119;0.238
1370046580577;0.049
1370046580655;0.093
1370046587580;0.0
1370046588533;0.043
1370046590481;0.015
1370046590624;0.018
1370046590947;0.012
1370046592763;0.382
1370046593407;0.044
1370046594883;0.109
1370046595329;0.036
1370046597113;0.091
1370046600214;0.037
1370046603091;0.219
1370046603546;0.132
1370046604453;0.166
1370046606237;0.072
1370046608279;0.226
1370046610104;0.063
1370046610700;0.162
1370046613043;0.088
1370046615798;0.031
1370046616263;0.015
1370046616606;0.193
1370046616737;0.333
1370046619826;0.715
1370046621318;0.125
1370046621433;0.27
1370046622039;0.107
1370046622406;0.019
1370046624087;0.038
1370046624289;0.04
1370046625486;0.001
1370046626049;0.047
1370046628145;0.001
1370046633964;0.048
1370046634938;0.483
1370046636040;0.235
1370046636142;0.07
1370046636500;0.174
1370046638535;0.063
1370046639732;0.275
1370046641180;0.136
1370046642340;0.15
1370046643017;0.157
1370046644157;0.01
1370046646172;0.129
1370046646190;0.218
1370046649039;0.048
1370046649302;0.005
1370046652322;0.129
1370046653449;0.066
1370046653459;0.205
1370046654776;0.239
1370046656890;0.078
1370046657645;0.137
1370046660890;0.258
1370046666819;0.798
1370046668213;0.051
1370046668300;0.072
1370046673796;0.016
1370046674999;0.122
1370046675359;0.004
1370046676294;0.135
1370046677131;0.157
1370046680711;0.143
1370046681471;0.038
1370046684880;0.404
1370046685823;0.184
1370046688588;0.318
1370046688650;0.319
1370046689895;0.027
1370046691390;0.007
1370046691829;0.277
1370046695721;0.03
1370046700355;0.001
1370046702666;0.031
1370046702725;0.005
1370046703985;0.67
1370046706448;0.414
1370046707420;0.201
1370046708177;0.317
1370046708224;0.077
1370046708474;0.03
1370046708931;0.169
1370046709342;0.399
1370046709580;0.01
1370046710837;0.13
1370046711533;0.093
1370046712174;0.08
1370046712281;0.118
1370046712838;0.19
1370046712953;0.224
1370046714316;0.281
1370046715199;0.112
1370046715234;0.227
1370046717000;0.085
1370046717512;0.027
1370046721390;0.918
1370046722294;0.028
1370046724536;0.072
1370046729093;0.015
1370046730397;0.104
1370046730569;0.01
1370046730900;0.205
1370046731378;0.048
1370046731472;0.005
1370046731834;0.231
1370046733519;0.001
1370046736651;0.093
1370046737112;0.13
1370046738572;0.152
1370046739244;0.354
1370046739246;0.177
1370046739439;0.05
1370046744516;0.419
1370046748387;0.105
1370046749620;0.082
1370046753904;0.267
1370046754339;0.642
1370046754997;0.018
1370046756118;0.383
1370046757474;0.245
1370046762589;0.001
1370046765917;0.201
1370046766149;0.086
1370046766195;0.03
1370046766477;0.046
1370046767097;0.224
1370046767372;0.315
1370046767583;0.005
1370046768521;0.264
1370046769080;0.318
1370046771373;0.031
1370046771566;0.29
1370046772343;0.141
1370046772503;0.021
1370046772949;0.031
1370046773660;0.002
1370046775078;0.016
1370046777301;0.015
1370046779221;0.237
1370046779538;0.223
1370046780721;0.176
1370046783046;0.03
1370046785877;0.128
1370046786683;0.005
1370046787951;0.274
1370046788619;0.201
1370046789048;0.022
1370046789416;0.13
1370046789553;0.022
1370046789628;0.01
1370046790752;0.09
1370046791363;0.02
1370046791832;0.42
1370046799258;0.163
1370046799764;0.015
1370046800377;0.061
1370046801691;0.038
1370046801977;0.05
1370046804346;0.011
1370046805054;0.106
1370046807588;0.14
1370046807766;0.126
1370046808876;0.02
1370046810437;0.02
1370046811592;0.869
1370046812625;0.002
1370046812792;0.429
1370046813723;0.109
1370046813782;0.022
1370046815351;0.345
1370046815451;0.378
1370046816276;0.315
1370046816378;0.544
1370046816806;0.035
1370046817467;0.156
1370046818374;0.14
1370046820803;0.022
1370046822207;0.337
1370046823425;0.133
1370046823528;0.016
1370046823809;0.083
1370046823948;0.238
1370046829658;0.199
1370046830268;0.218
1370046831747;0.012
1370046839081;0.065
1370046839210;0.005
1370046840473;0.432
1370046841084;0.02
1370046842089;0.091
1370046843576;0.107
1370046843629;0.035
1370046846297;0.086
1370046846594;0.237
1370046846883;0.088
1370046847876;0.18
1370046847917;0.098
1370046850400;0.013
1370046850680;0.214
1370046855910;0.096
1370046856516;0.18
1370046856926;0.008
1370046857273;0.441
1370046857321;0.14
1370046859416;0.02
1370046861042;0.187
1370046861056;0.113
1370046861276;0.038
1370046865570;0.01
1370046867693;0.057
1370046869088;0.165
1370046869204;0.26
1370046869350;0.055
1370046869934;0.0
1370046871790;0.005
1370046874286;0.197
1370046874569;0.206
1370046874669;0.034
1370046875144;0.008
1370046875650;0.051
1370046876214;0.104
1370046876215;0.029
1370046876342;0.247
1370046876633;0.194
1370046876863;0.028
1370046882750;0.049
1370046883706;0.228
1370046883791;0.085
1370046883857;0.031
1370046884587;0.354
1370046887020;0.068
1370046890309;0.157
1370046893574;0.522
1370046896901;0.269
1370046897890;0.298
1370046898229;0.088
1370046900878;0.079
1370046902788;0.008
1370046903878;0.16
1370046904954;0.145
1370046904991;0.096
1370046905043;0.292
1370046905503;0.418
1370046905797;0.093
1370046906940;0.047
1370046911555;0.159
1370046912668;0.02
1370046913107;0.051
1370046913599;0.259
1370046915834;0.064
1370046917301;0.063
1370046917680;0.001
1370046918800;0.271
1370046919470;0.02
1370046925144;0.004
1370046928651;0.005
1370046928693;0.305
1370046929312;0.03
1370046930492;0.142
1370046930892;0.216
1370046931115;0.067
1370046934793;0.051
1370046940242;0.559
1370046943968;0.547
1370046944556;0.237
1370046946790;0.319
1370046948260;0.138
1370046950297;0.0
1370046951368;0.103
1370046952177;0.165
1370046953594;0.07
1370046954532;0.009
1370046955056;0.179
1370046959433;0.153
1370046961782;0.039
1370046961975;0.127
1370046964361;0.07
1370046966521;0.05
1370046968719;0.188
1370046968890;0.185
1370046969813;0.093
1370046970031;0.174
1370046971132;0.135
1370046972991;0.288
1370046975512;0.114
1370046977453;0.183
1370046977852;0.033
1370046981552;0.174
1370046982011;0.022
1370046983584;0.196
1370046984371;0.244
1370046984819;0.611
1370046985441;0.025
1370046990392;0.022
1370046990986;0.135
1370046992585;0.15
1370046993010;0.152
1370046995031;0.008
1370046996340;0.011
1370046997432;0.128
1370046997956;0.043
1370046998507;0.186
1370046998925;0.14
1370047000907;0.078
1370047004615;0.21
1370047006811;0.733
1370047008525;0.142
1370047010743;0.012
1370047011359;0.043
1370047013130;0.071
1370047015663;0.115
1370047016944;0.026
1370047017262;0.179
1370047018612;0.121
1370047020508;0.018
1370047023920;0.476
1370047024223;0.062
1370047026698;0.066
1370047031895;0.23
1370047033627;0.087
1370047034594;0.02
1370047036456;0.269
1370047037510;0.114
1370047041976;0.023
1370047045339;0.042
1370047048323;0.178
1370047052281;0.046
1370047052319;0.002
1370047055523;0.002
1370047056417;0.129
1370047056987;0.05
1370047057136;0.009
1370047059765;0.195
1370047062870;0.129
1370047063349;0.013
1370047063548;0.055
1370047064374;0.051
1370047066918;0.103
1370047070936;0.032
1370047073722;0.107
1370047074244;0.087
1370047077629;0.136
1370047080997;0.001
1370047081077;0.219
1370047081600;0.027
1370047082404;0.032
1370047084141;0.119
1370047093001;0.438
1370047093170;0.374
1370047095550;0.288
1370047095933;0.226
1370047096972;0.185
1370047098619;0.063
1370047100522;0.03
1370047102288;0.016
1370047104015;0.056
1370047104096;0.064
1370047106786;0.087
1370047107779;0.005
1370047107940;0.09
1370047111496;0.03
1370047113307;0.009
1370047114691;0.156
1370047118106;0.182
1370047119094;0.231
1370047120372;0.001
1370047121663;0.044
1370047127583;0.032
1370047128629;0.127
1370047129910;0.068
1370047133745;0.118
1370047133818;0.025
1370047137914;0.129
1370047138623;0.093
1370047138750;0.064
1370047139333;0.057
1370047141616;0.262
1370047142883;0.16
1370047143238;0.132
1370047143445;0.204
1370047148093;0.034
1370047150458;0.156
1370047151283;0.098
1370047152791;0.392
1370047153350;0.007
1370047153915;0.015
1370047160134;0.007
1370047160204;0.22
1370047164449;0.146
1370047166378;0.189
1370047170378;0.23
1370047171174;0.082
1370047177180;0.035
1370047177810;0.012
1370047186149;0.082
1370047187024;0.177
1370047188437;0.052
1370047191770;0.024
1370047195348;0.07
1370047196822;0.23
1370047199721;0.199
1370047204740;0.126
1370047205221;0.015
1370047205465;0.134
1370047214119;0.306
1370047215517;0.296
1370047218274;0.016
1370047219135;0.249
1370047219866;0.016
1370047221527;0.189
1370047222103;0.055
1370047228344;0.152
1370047229924;0.016
